0.005000000000	2.00000
0.005000020000	2.00000
0.005000040000	2.00000
0.005000060000	2.00000
0.005000080000	2.00000
0.005000100000	2.00000
0.005000120000	2.00000
0.005000140000	2.00000
0.005000160000	2.00000
0.005000180000	2.00000
0.005000200000	2.00000
0.005000220000	1.98000
0.005000240000	2.00000
0.005000260000	1.98000
0.005000280000	1.98000
0.005000300000	1.96000
0.005000320000	1.96000
0.005000340000	1.96000
0.005000360000	1.96000
0.005000380000	1.94000
0.005000400000	1.94000
0.005000420000	1.94000
0.005000440000	1.92000
0.005000460000	1.92000
0.005000480000	1.90000
0.005000500000	1.90000
0.005000520000	1.88000
0.005000540000	1.88000
0.005000560000	1.86000
0.005000580000	1.86000
0.005000600000	1.84000
0.005000620000	1.82000
0.005000640000	1.82000
0.005000660000	1.80000
0.005000680000	1.80000
0.005000700000	1.78000
0.005000720000	1.76000
0.005000740000	1.76000
0.005000760000	1.74000
0.005000780000	1.72000
0.005000800000	1.70000
0.005000820000	1.70000
0.005000840000	1.68000
0.005000860000	1.66000
0.005000880000	1.66000
0.005000900000	1.62000
0.005000920000	1.62000
0.005000940000	1.60000
0.005000960000	1.58000
0.005000980000	1.56000
0.005001000000	1.54000
0.005001020000	1.52000
0.005001040000	1.50000
0.005001060000	1.50000
0.005001080000	1.48000
0.005001100000	1.46000
0.005001120000	1.44000
0.005001140000	1.42000
0.005001160000	1.40000
0.005001180000	1.38000
0.005001200000	1.36000
0.005001220000	1.34000
0.005001240000	1.32000
0.005001260000	1.30000
0.005001280000	1.28000
0.005001300000	1.26000
0.005001320000	1.22000
0.005001340000	1.20000
0.005001360000	1.18000
0.005001380000	1.16000
0.005001400000	1.14000
0.005001420000	1.12000
0.005001440000	1.10000
0.005001460000	1.08000
0.005001480000	1.04000
0.005001500000	1.02000
0.005001520000	1.00000
0.005001540000	0.98000
0.005001560000	0.96000
0.005001580000	0.94000
0.005001600000	0.92000
0.005001620000	0.88000
0.005001640000	0.86000
0.005001660000	0.84000
0.005001680000	0.82000
0.005001700000	0.80000
0.005001720000	0.78000
0.005001740000	0.74000
0.005001760000	0.72000
0.005001780000	0.70000
0.005001800000	0.68000
0.005001820000	0.64000
0.005001840000	0.62000
0.005001860000	0.60000
0.005001880000	0.58000
0.005001900000	0.56000
0.005001920000	0.52000
0.005001940000	0.50000
0.005001960000	0.48000
0.005001980000	0.44000
0.005002000000	0.42000
0.005002020000	0.40000
0.005002040000	0.38000
0.005002060000	0.36000
0.005002080000	0.34000
0.005002100000	0.30000
0.005002120000	0.28000
0.005002140000	0.26000
0.005002160000	0.22000
0.005002180000	0.20000
0.005002200000	0.18000
0.005002220000	0.16000
0.005002240000	0.14000
0.005002260000	0.12000
0.005002280000	0.08000
0.005002300000	0.06000
0.005002320000	0.04000
0.005002340000	0.02000
0.005002360000	0.00000
0.005002380000	-0.04000
0.005002400000	-0.06000
0.005002420000	-0.08000
0.005002440000	-0.10000
0.005002460000	-0.12000
0.005002480000	-0.14000
0.005002500000	-0.18000
0.005002520000	-0.20000
0.005002540000	-0.22000
0.005002560000	-0.24000
0.005002580000	-0.26000
0.005002600000	-0.28000
0.005002620000	-0.30000
0.005002640000	-0.32000
0.005002660000	-0.34000
0.005002680000	-0.36000
0.005002700000	-0.38000
0.005002720000	-0.40000
0.005002740000	-0.44000
0.005002760000	-0.44000
0.005002780000	-0.48000
0.005002800000	-0.48000
0.005002820000	-0.50000
0.005002840000	-0.52000
0.005002860000	-0.54000
0.005002880000	-0.56000
0.005002900000	-0.58000
0.005002920000	-0.60000
0.005002940000	-0.62000
0.005002960000	-0.64000
0.005002980000	-0.66000
0.005003000000	-0.68000
0.005003020000	-0.70000
0.005003040000	-0.72000
0.005003060000	-0.72000
0.005003080000	-0.74000
0.005003100000	-0.76000
0.005003120000	-0.78000
0.005003140000	-0.80000
0.005003160000	-0.80000
0.005003180000	-0.82000
0.005003200000	-0.84000
0.005003220000	-0.86000
0.005003240000	-0.86000
0.005003260000	-0.88000
0.005003280000	-0.90000
0.005003300000	-0.92000
0.005003320000	-0.92000
0.005003340000	-0.94000
0.005003360000	-0.96000
0.005003380000	-0.96000
0.005003400000	-0.98000
0.005003420000	-0.98000
0.005003440000	-1.00000
0.005003460000	-1.02000
0.005003480000	-1.02000
0.005003500000	-1.04000
0.005003520000	-1.04000
0.005003540000	-1.06000
0.005003560000	-1.06000
0.005003580000	-1.08000
0.005003600000	-1.08000
0.005003620000	-1.10000
0.005003640000	-1.10000
0.005003660000	-1.12000
0.005003680000	-1.12000
0.005003700000	-1.14000
0.005003720000	-1.14000
0.005003740000	-1.14000
0.005003760000	-1.16000
0.005003780000	-1.16000
0.005003800000	-1.18000
0.005003820000	-1.18000
0.005003840000	-1.18000
0.005003860000	-1.18000
0.005003880000	-1.20000
0.005003900000	-1.20000
0.005003920000	-1.20000
0.005003940000	-1.20000
0.005003960000	-1.22000
0.005003980000	-1.22000
0.005004000000	-1.22000
0.005004020000	-1.22000
0.005004040000	-1.22000
0.005004060000	-1.24000
0.005004080000	-1.24000
0.005004100000	-1.24000
0.005004120000	-1.24000
0.005004140000	-1.24000
0.005004160000	-1.24000
0.005004180000	-1.24000
0.005004200000	-1.24000
0.005004220000	-1.24000
0.005004240000	-1.24000
0.005004260000	-1.24000
0.005004280000	-1.24000
0.005004300000	-1.24000
0.005004320000	-1.24000
0.005004340000	-1.24000
0.005004360000	-1.24000
0.005004380000	-1.24000
0.005004400000	-1.24000
0.005004420000	-1.24000
0.005004440000	-1.24000
0.005004460000	-1.24000
0.005004480000	-1.22000
0.005004500000	-1.22000
0.005004520000	-1.22000
0.005004540000	-1.22000
0.005004560000	-1.22000
0.005004580000	-1.20000
0.005004600000	-1.20000
0.005004620000	-1.20000
0.005004640000	-1.20000
0.005004660000	-1.18000
0.005004680000	-1.18000
0.005004700000	-1.18000
0.005004720000	-1.18000
0.005004740000	-1.16000
0.005004760000	-1.16000
0.005004780000	-1.14000
0.005004800000	-1.14000
0.005004820000	-1.14000
0.005004840000	-1.12000
0.005004860000	-1.12000
0.005004880000	-1.12000
0.005004900000	-1.10000
0.005004920000	-1.10000
0.005004940000	-1.08000
0.005004960000	-1.08000
0.005004980000	-1.06000
0.005005000000	-1.06000
0.005005020000	-1.04000
0.005005040000	-1.04000
0.005005060000	-1.02000
0.005005080000	-1.02000
0.005005100000	-1.00000
0.005005120000	-1.00000
0.005005140000	-0.98000
0.005005160000	-0.98000
0.005005180000	-0.96000
0.005005200000	-0.96000
0.005005220000	-0.94000
0.005005240000	-0.92000
0.005005260000	-0.92000
0.005005280000	-0.90000
0.005005300000	-0.88000
0.005005320000	-0.88000
0.005005340000	-0.86000
0.005005360000	-0.86000
0.005005380000	-0.84000
0.005005400000	-0.82000
0.005005420000	-0.82000
0.005005440000	-0.80000
0.005005460000	-0.78000
0.005005480000	-0.78000
0.005005500000	-0.76000
0.005005520000	-0.74000
0.005005540000	-0.74000
0.005005560000	-0.72000
0.005005580000	-0.70000
0.005005600000	-0.70000
0.005005620000	-0.68000
0.005005640000	-0.66000
0.005005660000	-0.64000
0.005005680000	-0.64000
0.005005700000	-0.62000
0.005005720000	-0.60000
0.005005740000	-0.60000
0.005005760000	-0.58000
0.005005780000	-0.56000
0.005005800000	-0.54000
0.005005820000	-0.54000
0.005005840000	-0.52000
0.005005860000	-0.50000
0.005005880000	-0.48000
0.005005900000	-0.48000
0.005005920000	-0.46000
0.005005940000	-0.44000
0.005005960000	-0.42000
0.005005980000	-0.40000
0.005006000000	-0.40000
0.005006020000	-0.38000
0.005006040000	-0.36000
0.005006060000	-0.34000
0.005006080000	-0.32000
0.005006100000	-0.32000
0.005006120000	-0.30000
0.005006140000	-0.28000
0.005006160000	-0.26000
0.005006180000	-0.24000
0.005006200000	-0.24000
0.005006220000	-0.22000
0.005006240000	-0.20000
0.005006260000	-0.18000
0.005006280000	-0.16000
0.005006300000	-0.16000
0.005006320000	-0.14000
0.005006340000	-0.12000
0.005006360000	-0.10000
0.005006380000	-0.08000
0.005006400000	-0.08000
0.005006420000	-0.06000
0.005006440000	-0.04000
0.005006460000	-0.02000
0.005006480000	-0.02000
0.005006500000	0.00000
0.005006520000	0.02000
0.005006540000	0.04000
0.005006560000	0.06000
0.005006580000	0.06000
0.005006600000	0.08000
0.005006620000	0.10000
0.005006640000	0.12000
0.005006660000	0.12000
0.005006680000	0.14000
0.005006700000	0.16000
0.005006720000	0.18000
0.005006740000	0.18000
0.005006760000	0.20000
0.005006780000	0.22000
0.005006800000	0.24000
0.005006820000	0.24000
0.005006840000	0.26000
0.005006860000	0.28000
0.005006880000	0.28000
0.005006900000	0.30000
0.005006920000	0.32000
0.005006940000	0.32000
0.005006960000	0.34000
0.005006980000	0.36000
0.005007000000	0.36000
0.005007020000	0.38000
0.005007040000	0.40000
0.005007060000	0.42000
0.005007080000	0.42000
0.005007100000	0.44000
0.005007120000	0.44000
0.005007140000	0.46000
0.005007160000	0.48000
0.005007180000	0.48000
0.005007200000	0.50000
0.005007220000	0.50000
0.005007240000	0.52000
0.005007260000	0.54000
0.005007280000	0.54000
0.005007300000	0.56000
0.005007320000	0.56000
0.005007340000	0.58000
0.005007360000	0.58000
0.005007380000	0.60000
0.005007400000	0.60000
0.005007420000	0.62000
0.005007440000	0.62000
0.005007460000	0.64000
0.005007480000	0.64000
0.005007500000	0.66000
0.005007520000	0.66000
0.005007540000	0.68000
0.005007560000	0.68000
0.005007580000	0.70000
0.005007600000	0.70000
0.005007620000	0.72000
0.005007640000	0.72000
0.005007660000	0.72000
0.005007680000	0.74000
0.005007700000	0.74000
0.005007720000	0.74000
0.005007740000	0.76000
0.005007760000	0.76000
0.005007780000	0.76000
0.005007800000	0.78000
0.005007820000	0.78000
0.005007840000	0.78000
0.005007860000	0.80000
0.005007880000	0.80000
0.005007900000	0.80000
0.005007920000	0.80000
0.005007940000	0.82000
0.005007960000	0.82000
0.005007980000	0.82000
0.005008000000	0.82000
0.005008020000	0.84000
0.005008040000	0.84000
0.005008060000	0.84000
0.005008080000	0.84000
0.005008100000	0.84000
0.005008120000	0.84000
0.005008140000	0.84000
0.005008160000	0.86000
0.005008180000	0.86000
0.005008200000	0.86000
0.005008220000	0.86000
0.005008240000	0.86000
0.005008260000	0.86000
0.005008280000	0.86000
0.005008300000	0.88000
0.005008320000	0.88000
0.005008340000	0.88000
0.005008360000	0.88000
0.005008380000	0.88000
0.005008400000	0.88000
0.005008420000	0.88000
0.005008440000	0.88000
0.005008460000	0.88000
0.005008480000	0.88000
0.005008500000	0.88000
0.005008520000	0.88000
0.005008540000	0.88000
0.005008560000	0.88000
0.005008580000	0.88000
0.005008600000	0.88000
0.005008620000	0.88000
0.005008640000	0.86000
0.005008660000	0.86000
0.005008680000	0.86000
0.005008700000	0.86000
0.005008720000	0.86000
0.005008740000	0.86000
0.005008760000	0.84000
0.005008780000	0.84000
0.005008800000	0.84000
0.005008820000	0.84000
0.005008840000	0.84000
0.005008860000	0.84000
0.005008880000	0.82000
0.005008900000	0.82000
0.005008920000	0.82000
0.005008940000	0.82000
0.005008960000	0.80000
0.005008980000	0.80000
0.005009000000	0.80000
0.005009020000	0.80000
0.005009040000	0.80000
0.005009060000	0.78000
0.005009080000	0.78000
0.005009100000	0.78000
0.005009120000	0.76000
0.005009140000	0.76000
0.005009160000	0.76000
0.005009180000	0.74000
0.005009200000	0.74000
0.005009220000	0.74000
0.005009240000	0.72000
0.005009260000	0.72000
0.005009280000	0.72000
0.005009300000	0.70000
0.005009320000	0.70000
0.005009340000	0.70000
0.005009360000	0.68000
0.005009380000	0.68000
0.005009400000	0.66000
0.005009420000	0.66000
0.005009440000	0.66000
0.005009460000	0.64000
0.005009480000	0.64000
0.005009500000	0.64000
0.005009520000	0.62000
0.005009540000	0.60000
0.005009560000	0.60000
0.005009580000	0.60000
0.005009600000	0.58000
0.005009620000	0.58000
0.005009640000	0.56000
0.005009660000	0.56000
0.005009680000	0.54000
0.005009700000	0.54000
0.005009720000	0.52000
0.005009740000	0.52000
0.005009760000	0.52000
0.005009780000	0.50000
0.005009800000	0.48000
0.005009820000	0.48000
0.005009840000	0.48000
0.005009860000	0.46000
0.005009880000	0.46000
0.005009900000	0.44000
0.005009920000	0.44000
0.005009940000	0.42000
0.005009960000	0.42000
0.005009980000	0.40000
0.005010000000	0.38000
0.005010020000	0.38000
0.005010040000	0.38000
0.005010060000	0.36000
0.005010080000	0.34000
0.005010100000	0.34000
0.005010120000	0.32000
0.005010140000	0.32000
0.005010160000	0.30000
0.005010180000	0.30000
0.005010200000	0.28000
0.005010220000	0.28000
0.005010240000	0.26000
0.005010260000	0.26000
0.005010280000	0.24000
0.005010300000	0.24000
0.005010320000	0.22000
0.005010340000	0.20000
0.005010360000	0.20000
0.005010380000	0.20000
0.005010400000	0.18000
0.005010420000	0.16000
0.005010440000	0.16000
0.005010460000	0.14000
0.005010480000	0.14000
0.005010500000	0.12000
0.005010520000	0.12000
0.005010540000	0.10000
0.005010560000	0.10000
0.005010580000	0.08000
0.005010600000	0.08000
0.005010620000	0.06000
0.005010640000	0.04000
0.005010660000	0.04000
0.005010680000	0.04000
0.005010700000	0.02000
0.005010720000	0.00000
0.005010740000	0.00000
0.005010760000	-0.02000
0.005010780000	-0.02000
0.005010800000	-0.04000
0.005010820000	-0.04000
0.005010840000	-0.06000
0.005010860000	-0.06000
0.005010880000	-0.08000
0.005010900000	-0.08000
0.005010920000	-0.10000
0.005010940000	-0.10000
0.005010960000	-0.10000
0.005010980000	-0.12000
0.005011000000	-0.14000
0.005011020000	-0.14000
0.005011040000	-0.14000
0.005011060000	-0.16000
0.005011080000	-0.16000
0.005011100000	-0.18000
0.005011120000	-0.18000
0.005011140000	-0.18000
0.005011160000	-0.20000
0.005011180000	-0.22000
0.005011200000	-0.22000
0.005011220000	-0.22000
0.005011240000	-0.24000
0.005011260000	-0.24000
0.005011280000	-0.26000
0.005011300000	-0.26000
0.005011320000	-0.28000
0.005011340000	-0.28000
0.005011360000	-0.28000
0.005011380000	-0.30000
0.005011400000	-0.30000
0.005011420000	-0.32000
0.005011440000	-0.32000
0.005011460000	-0.32000
0.005011480000	-0.34000
0.005011500000	-0.34000
0.005011520000	-0.34000
0.005011540000	-0.36000
0.005011560000	-0.36000
0.005011580000	-0.36000
0.005011600000	-0.38000
0.005011620000	-0.38000
0.005011640000	-0.38000
0.005011660000	-0.40000
0.005011680000	-0.40000
0.005011700000	-0.40000
0.005011720000	-0.40000
0.005011740000	-0.42000
0.005011760000	-0.42000
0.005011780000	-0.44000
0.005011800000	-0.44000
0.005011820000	-0.44000
0.005011840000	-0.44000
0.005011860000	-0.44000
0.005011880000	-0.46000
0.005011900000	-0.46000
0.005011920000	-0.46000
0.005011940000	-0.46000
0.005011960000	-0.48000
0.005011980000	-0.48000
0.005012000000	-0.48000
0.005012020000	-0.48000
0.005012040000	-0.48000
0.005012060000	-0.50000
0.005012080000	-0.50000
0.005012100000	-0.50000
0.005012120000	-0.50000
0.005012140000	-0.50000
0.005012160000	-0.50000
0.005012180000	-0.50000
0.005012200000	-0.52000
0.005012220000	-0.52000
0.005012240000	-0.52000
0.005012260000	-0.52000
0.005012280000	-0.52000
0.005012300000	-0.52000
0.005012320000	-0.52000
0.005012340000	-0.52000
0.005012360000	-0.54000
0.005012380000	-0.54000
0.005012400000	-0.54000
0.005012420000	-0.54000
0.005012440000	-0.54000
0.005012460000	-0.54000
0.005012480000	-0.54000
0.005012500000	-0.54000
0.005012520000	-0.54000
0.005012540000	-0.54000
0.005012560000	-0.54000
0.005012580000	-0.54000
0.005012600000	-0.54000
0.005012620000	-0.54000
0.005012640000	-0.54000
0.005012660000	-0.54000
0.005012680000	-0.54000
0.005012700000	-0.54000
0.005012720000	-0.54000
0.005012740000	-0.54000
0.005012760000	-0.54000
0.005012780000	-0.54000
0.005012800000	-0.54000
0.005012820000	-0.54000
0.005012840000	-0.54000
0.005012860000	-0.54000
0.005012880000	-0.54000
0.005012900000	-0.54000
0.005012920000	-0.52000
0.005012940000	-0.52000
0.005012960000	-0.52000
0.005012980000	-0.52000
0.005013000000	-0.52000
0.005013020000	-0.52000
0.005013040000	-0.52000
0.005013060000	-0.52000
0.005013080000	-0.52000
0.005013100000	-0.50000
0.005013120000	-0.50000
0.005013140000	-0.50000
0.005013160000	-0.50000
0.005013180000	-0.50000
0.005013200000	-0.50000
0.005013220000	-0.48000
0.005013240000	-0.48000
0.005013260000	-0.48000
0.005013280000	-0.48000
0.005013300000	-0.48000
0.005013320000	-0.46000
0.005013340000	-0.46000
0.005013360000	-0.46000
0.005013380000	-0.46000
0.005013400000	-0.46000
0.005013420000	-0.44000
0.005013440000	-0.44000
0.005013460000	-0.44000
0.005013480000	-0.44000
0.005013500000	-0.44000
0.005013520000	-0.42000
0.005013540000	-0.42000
0.005013560000	-0.42000
0.005013580000	-0.40000
0.005013600000	-0.40000
0.005013620000	-0.40000
0.005013640000	-0.40000
0.005013660000	-0.40000
0.005013680000	-0.38000
0.005013700000	-0.38000
0.005013720000	-0.38000
0.005013740000	-0.38000
0.005013760000	-0.36000
0.005013780000	-0.36000
0.005013800000	-0.34000
0.005013820000	-0.34000
0.005013840000	-0.34000
0.005013860000	-0.34000
0.005013880000	-0.32000
0.005013900000	-0.32000
0.005013920000	-0.32000
0.005013940000	-0.30000
0.005013960000	-0.30000
0.005013980000	-0.30000
0.005014000000	-0.28000
0.005014020000	-0.28000
0.005014040000	-0.28000
0.005014060000	-0.28000
0.005014080000	-0.26000
0.005014100000	-0.26000
0.005014120000	-0.24000
0.005014140000	-0.24000
0.005014160000	-0.24000
0.005014180000	-0.22000
0.005014200000	-0.22000
0.005014220000	-0.22000
0.005014240000	-0.20000
0.005014260000	-0.20000
0.005014280000	-0.20000
0.005014300000	-0.18000
0.005014320000	-0.18000
0.005014340000	-0.18000
0.005014360000	-0.16000
0.005014380000	-0.16000
0.005014400000	-0.16000
0.005014420000	-0.14000
0.005014440000	-0.14000
0.005014460000	-0.14000
0.005014480000	-0.12000
0.005014500000	-0.12000
0.005014520000	-0.12000
0.005014540000	-0.10000
0.005014560000	-0.10000
0.005014580000	-0.10000
0.005014600000	-0.08000
0.005014620000	-0.08000
0.005014640000	-0.08000
0.005014660000	-0.06000
0.005014680000	-0.06000
0.005014700000	-0.04000
0.005014720000	-0.04000
0.005014740000	-0.04000
0.005014760000	-0.02000
0.005014780000	-0.02000
0.005014800000	-0.02000
0.005014820000	0.00000
0.005014840000	0.00000
0.005014860000	0.00000
0.005014880000	0.02000
0.005014900000	0.02000
0.005014920000	0.02000
0.005014940000	0.04000
0.005014960000	0.04000
0.005014980000	0.04000
0.005015000000	0.06000
0.005015020000	0.06000
0.005015040000	0.06000
0.005015060000	0.08000
0.005015080000	0.08000
0.005015100000	0.10000
0.005015120000	0.10000
0.005015140000	0.10000
0.005015160000	0.10000
0.005015180000	0.12000
0.005015200000	0.12000
0.005015220000	0.12000
0.005015240000	0.14000
0.005015260000	0.14000
0.005015280000	0.14000
0.005015300000	0.14000
0.005015320000	0.16000
0.005015340000	0.16000
0.005015360000	0.16000
0.005015380000	0.18000
0.005015400000	0.18000
0.005015420000	0.18000
0.005015440000	0.18000
0.005015460000	0.20000
0.005015480000	0.20000
0.005015500000	0.22000
0.005015520000	0.22000
0.005015540000	0.22000
0.005015560000	0.22000
0.005015580000	0.22000
0.005015600000	0.22000
0.005015620000	0.24000
0.005015640000	0.24000
0.005015660000	0.24000
0.005015680000	0.26000
0.005015700000	0.26000
0.005015720000	0.26000
0.005015740000	0.26000
0.005015760000	0.26000
0.005015780000	0.28000
0.005015800000	0.28000
0.005015820000	0.28000
0.005015840000	0.28000
0.005015860000	0.30000
0.005015880000	0.30000
0.005015900000	0.30000
0.005015920000	0.30000
0.005015940000	0.30000
0.005015960000	0.30000
0.005015980000	0.32000
0.005016000000	0.32000
0.005016020000	0.32000
0.005016040000	0.32000
0.005016060000	0.32000
0.005016080000	0.34000
0.005016100000	0.34000
0.005016120000	0.34000
0.005016140000	0.34000
0.005016160000	0.34000
0.005016180000	0.34000
0.005016200000	0.34000
0.005016220000	0.34000
0.005016240000	0.36000
0.005016260000	0.36000
0.005016280000	0.36000
0.005016300000	0.36000
0.005016320000	0.36000
0.005016340000	0.36000
0.005016360000	0.36000
0.005016380000	0.36000
0.005016400000	0.36000
0.005016420000	0.38000
0.005016440000	0.38000
0.005016460000	0.38000
0.005016480000	0.36000
0.005016500000	0.38000
0.005016520000	0.38000
0.005016540000	0.38000
0.005016560000	0.38000
0.005016580000	0.38000
0.005016600000	0.38000
0.005016620000	0.38000
0.005016640000	0.38000
0.005016660000	0.38000
0.005016680000	0.38000
0.005016700000	0.38000
0.005016720000	0.38000
0.005016740000	0.38000
0.005016760000	0.38000
0.005016780000	0.38000
0.005016800000	0.38000
0.005016820000	0.38000
0.005016840000	0.38000
0.005016860000	0.38000
0.005016880000	0.38000
0.005016900000	0.38000
0.005016920000	0.38000
0.005016940000	0.38000
0.005016960000	0.38000
0.005016980000	0.38000
0.005017000000	0.38000
0.005017020000	0.38000
0.005017040000	0.38000
0.005017060000	0.38000
0.005017080000	0.38000
0.005017100000	0.38000
0.005017120000	0.38000
0.005017140000	0.38000
0.005017160000	0.36000
0.005017180000	0.36000
0.005017200000	0.36000
0.005017220000	0.36000
0.005017240000	0.36000
0.005017260000	0.36000
0.005017280000	0.36000
0.005017300000	0.36000
0.005017320000	0.36000
0.005017340000	0.36000
0.005017360000	0.36000
0.005017380000	0.34000
0.005017400000	0.34000
0.005017420000	0.34000
0.005017440000	0.34000
0.005017460000	0.34000
0.005017480000	0.34000
0.005017500000	0.34000
0.005017520000	0.34000
0.005017540000	0.32000
0.005017560000	0.32000
0.005017580000	0.32000
0.005017600000	0.32000
0.005017620000	0.32000
0.005017640000	0.32000
0.005017660000	0.32000
0.005017680000	0.30000
0.005017700000	0.30000
0.005017720000	0.30000
0.005017740000	0.30000
0.005017760000	0.30000
0.005017780000	0.28000
0.005017800000	0.28000
0.005017820000	0.28000
0.005017840000	0.28000
0.005017860000	0.28000
0.005017880000	0.28000
0.005017900000	0.26000
0.005017920000	0.26000
0.005017940000	0.26000
0.005017960000	0.26000
0.005017980000	0.26000
0.005018000000	0.24000
0.005018020000	0.24000
0.005018040000	0.24000
0.005018060000	0.24000
0.005018080000	0.24000
0.005018100000	0.24000
0.005018120000	0.22000
0.005018140000	0.22000
0.005018160000	0.22000
0.005018180000	0.22000
0.005018200000	0.20000
0.005018220000	0.20000
0.005018240000	0.20000
0.005018260000	0.20000
0.005018280000	0.20000
0.005018300000	0.18000
0.005018320000	0.18000
0.005018340000	0.18000
0.005018360000	0.18000
0.005018380000	0.16000
0.005018400000	0.16000
0.005018420000	0.16000
0.005018440000	0.16000
0.005018460000	0.14000
0.005018480000	0.14000
0.005018500000	0.14000
0.005018520000	0.14000
0.005018540000	0.12000
0.005018560000	0.12000
0.005018580000	0.12000
0.005018600000	0.12000
0.005018620000	0.10000
0.005018640000	0.10000
0.005018660000	0.10000
0.005018680000	0.10000
0.005018700000	0.10000
0.005018720000	0.08000
0.005018740000	0.08000
0.005018760000	0.08000
0.005018780000	0.08000
0.005018800000	0.06000
0.005018820000	0.06000
0.005018840000	0.06000
0.005018860000	0.06000
0.005018880000	0.06000
0.005018900000	0.04000
0.005018920000	0.04000
0.005018940000	0.04000
0.005018960000	0.04000
0.005018980000	0.02000
0.005019000000	0.02000
0.005019020000	0.02000
0.005019040000	0.02000
0.005019060000	0.00000
0.005019080000	0.00000
0.005019100000	0.00000
0.005019120000	0.00000
0.005019140000	0.00000
0.005019160000	-0.02000
0.005019180000	-0.02000
0.005019200000	-0.02000
0.005019220000	-0.02000
0.005019240000	-0.02000
0.005019260000	-0.04000
0.005019280000	-0.04000
0.005019300000	-0.04000
0.005019320000	-0.04000
0.005019340000	-0.06000
0.005019360000	-0.06000
0.005019380000	-0.06000
0.005019400000	-0.06000
0.005019420000	-0.06000
0.005019440000	-0.08000
0.005019460000	-0.08000
0.005019480000	-0.08000
0.005019500000	-0.08000
0.005019520000	-0.08000
0.005019540000	-0.10000
0.005019560000	-0.10000
0.005019580000	-0.10000
0.005019600000	-0.10000
0.005019620000	-0.12000
0.005019640000	-0.12000
0.005019660000	-0.10000
0.005019680000	-0.12000
0.005019700000	-0.12000
0.005019720000	-0.12000
0.005019740000	-0.12000
0.005019760000	-0.12000
0.005019780000	-0.14000
0.005019800000	-0.14000
0.005019820000	-0.14000
0.005019840000	-0.14000
0.005019860000	-0.14000
0.005019880000	-0.14000
0.005019900000	-0.16000
0.005019920000	-0.16000
0.005019940000	-0.16000
0.005019960000	-0.16000
0.005019980000	-0.16000
0.005020000000	-0.16000
0.005020020000	-0.18000
0.005020040000	-0.18000
0.005020060000	-0.18000
0.005020080000	-0.18000
0.005020100000	-0.18000
0.005020120000	-0.18000
0.005020140000	-0.18000
0.005020160000	-0.18000
0.005020180000	-0.20000
0.005020200000	-0.20000
0.005020220000	-0.20000
0.005020240000	-0.20000
0.005020260000	-0.20000
0.005020280000	-0.20000
0.005020300000	-0.20000
0.005020320000	-0.20000
0.005020340000	-0.20000
0.005020360000	-0.20000
0.005020380000	-0.22000
0.005020400000	-0.22000
0.005020420000	-0.22000
0.005020440000	-0.22000
0.005020460000	-0.22000
0.005020480000	-0.22000
0.005020500000	-0.22000
0.005020520000	-0.22000
0.005020540000	-0.22000
0.005020560000	-0.22000
0.005020580000	-0.22000
0.005020600000	-0.22000
0.005020620000	-0.22000
0.005020640000	-0.22000
0.005020660000	-0.22000
0.005020680000	-0.22000
0.005020700000	-0.22000
0.005020720000	-0.22000
0.005020740000	-0.24000
0.005020760000	-0.22000
0.005020780000	-0.24000
0.005020800000	-0.24000
0.005020820000	-0.24000
0.005020840000	-0.24000
0.005020860000	-0.24000
0.005020880000	-0.24000
0.005020900000	-0.24000
0.005020920000	-0.24000
0.005020940000	-0.24000
0.005020960000	-0.24000
0.005020980000	-0.24000
0.005021000000	-0.24000
0.005021020000	-0.24000
0.005021040000	-0.24000
0.005021060000	-0.24000
0.005021080000	-0.24000
0.005021100000	-0.24000
0.005021120000	-0.24000
0.005021140000	-0.24000
0.005021160000	-0.22000
0.005021180000	-0.22000
0.005021200000	-0.22000
0.005021220000	-0.22000
0.005021240000	-0.24000
0.005021260000	-0.22000
0.005021280000	-0.22000
0.005021300000	-0.22000
0.005021320000	-0.22000
0.005021340000	-0.22000
0.005021360000	-0.22000
0.005021380000	-0.22000
0.005021400000	-0.22000
0.005021420000	-0.22000
0.005021440000	-0.22000
0.005021460000	-0.22000
0.005021480000	-0.22000
0.005021500000	-0.22000
0.005021520000	-0.22000
0.005021540000	-0.22000
0.005021560000	-0.22000
0.005021580000	-0.22000
0.005021600000	-0.20000
0.005021620000	-0.20000
0.005021640000	-0.20000
0.005021660000	-0.20000
0.005021680000	-0.20000
0.005021700000	-0.20000
0.005021720000	-0.20000
0.005021740000	-0.20000
0.005021760000	-0.20000
0.005021780000	-0.20000
0.005021800000	-0.20000
0.005021820000	-0.18000
0.005021840000	-0.18000
0.005021860000	-0.18000
0.005021880000	-0.18000
0.005021900000	-0.18000
0.005021920000	-0.18000
0.005021940000	-0.18000
0.005021960000	-0.18000
0.005021980000	-0.16000
0.005022000000	-0.16000
0.005022020000	-0.16000
0.005022040000	-0.16000
0.005022060000	-0.16000
0.005022080000	-0.16000
0.005022100000	-0.16000
0.005022120000	-0.14000
0.005022140000	-0.14000
0.005022160000	-0.14000
0.005022180000	-0.14000
0.005022200000	-0.14000
0.005022220000	-0.14000
0.005022240000	-0.14000
0.005022260000	-0.14000
0.005022280000	-0.14000
0.005022300000	-0.14000
0.005022320000	-0.12000
0.005022340000	-0.12000
0.005022360000	-0.12000
0.005022380000	-0.12000
0.005022400000	-0.12000
0.005022420000	-0.12000
0.005022440000	-0.10000
0.005022460000	-0.10000
0.005022480000	-0.10000
0.005022500000	-0.10000
0.005022520000	-0.10000
0.005022540000	-0.10000
0.005022560000	-0.08000
0.005022580000	-0.08000
0.005022600000	-0.08000
0.005022620000	-0.08000
0.005022640000	-0.08000
0.005022660000	-0.08000
0.005022680000	-0.08000
0.005022700000	-0.06000
0.005022720000	-0.06000
0.005022740000	-0.06000
0.005022760000	-0.06000
0.005022780000	-0.06000
0.005022800000	-0.06000
0.005022820000	-0.04000
0.005022840000	-0.04000
0.005022860000	-0.04000
0.005022880000	-0.04000
0.005022900000	-0.04000
0.005022920000	-0.04000
0.005022940000	-0.02000
0.005022960000	-0.02000
0.005022980000	-0.02000
0.005023000000	-0.02000
0.005023020000	-0.02000
0.005023040000	-0.02000
0.005023060000	-0.02000
0.005023080000	0.00000
0.005023100000	0.00000
0.005023120000	0.00000
0.005023140000	0.00000
0.005023160000	0.00000
0.005023180000	0.00000
0.005023200000	0.00000
0.005023220000	0.02000
0.005023240000	0.02000
0.005023260000	0.02000
0.005023280000	0.02000
0.005023300000	0.02000
0.005023320000	0.02000
0.005023340000	0.04000
0.005023360000	0.04000
0.005023380000	0.04000
0.005023400000	0.04000
0.005023420000	0.04000
0.005023440000	0.04000
0.005023460000	0.04000
0.005023480000	0.06000
0.005023500000	0.06000
0.005023520000	0.06000
0.005023540000	0.06000
0.005023560000	0.06000
0.005023580000	0.06000
0.005023600000	0.08000
0.005023620000	0.06000
0.005023640000	0.08000
0.005023660000	0.08000
0.005023680000	0.08000
0.005023700000	0.08000
0.005023720000	0.08000
0.005023740000	0.08000
0.005023760000	0.08000
0.005023780000	0.10000
0.005023800000	0.10000
0.005023820000	0.10000
0.005023840000	0.10000
0.005023860000	0.10000
0.005023880000	0.10000
0.005023900000	0.10000
0.005023920000	0.12000
0.005023940000	0.10000
0.005023960000	0.10000
0.005023980000	0.12000
0.005024000000	0.12000
0.005024020000	0.12000
0.005024040000	0.12000
0.005024060000	0.12000
0.005024080000	0.12000
0.005024100000	0.12000
0.005024120000	0.12000
0.005024140000	0.14000
0.005024160000	0.14000
0.005024180000	0.14000
0.005024200000	0.14000
0.005024220000	0.14000
0.005024240000	0.14000
0.005024260000	0.14000
0.005024280000	0.14000
0.005024300000	0.14000
0.005024320000	0.14000
0.005024340000	0.14000
0.005024360000	0.14000
0.005024380000	0.14000
0.005024400000	0.14000
0.005024420000	0.14000
0.005024440000	0.16000
0.005024460000	0.16000
0.005024480000	0.16000
0.005024500000	0.16000
0.005024520000	0.16000
0.005024540000	0.16000
0.005024560000	0.16000
0.005024580000	0.16000
0.005024600000	0.16000
0.005024620000	0.16000
0.005024640000	0.16000
0.005024660000	0.16000
0.005024680000	0.16000
0.005024700000	0.16000
0.005024720000	0.16000
0.005024740000	0.16000
0.005024760000	0.18000
0.005024780000	0.16000
0.005024800000	0.18000
0.005024820000	0.16000
0.005024840000	0.18000
0.005024860000	0.18000
0.005024880000	0.16000
0.005024900000	0.18000
0.005024920000	0.18000
0.005024940000	0.18000
0.005024960000	0.18000
0.005024980000	0.18000
0.005025000000	0.18000
0.005025020000	0.18000
0.005025040000	0.18000
0.005025060000	0.18000
0.005025080000	0.18000
0.005025100000	0.18000
0.005025120000	0.18000
0.005025140000	0.18000
0.005025160000	0.18000
0.005025180000	0.18000
0.005025200000	0.18000
0.005025220000	0.18000
0.005025240000	0.18000
0.005025260000	0.18000
0.005025280000	0.18000
0.005025300000	0.18000
0.005025320000	0.18000
0.005025340000	0.18000
0.005025360000	0.18000
0.005025380000	0.18000
0.005025400000	0.18000
0.005025420000	0.18000
0.005025440000	0.18000
0.005025460000	0.16000
0.005025480000	0.18000
0.005025500000	0.16000
0.005025520000	0.16000
0.005025540000	0.16000
0.005025560000	0.16000
0.005025580000	0.16000
0.005025600000	0.16000
0.005025620000	0.16000
0.005025640000	0.16000
0.005025660000	0.16000
0.005025680000	0.16000
0.005025700000	0.16000
0.005025720000	0.16000
0.005025740000	0.16000
0.005025760000	0.16000
0.005025780000	0.16000
0.005025800000	0.16000
0.005025820000	0.16000
0.005025840000	0.16000
0.005025860000	0.14000
0.005025880000	0.14000
0.005025900000	0.14000
0.005025920000	0.14000
0.005025940000	0.14000
0.005025960000	0.14000
0.005025980000	0.14000
0.005026000000	0.14000
0.005026020000	0.14000
0.005026040000	0.14000
0.005026060000	0.14000
0.005026080000	0.14000
0.005026100000	0.14000
0.005026120000	0.14000
0.005026140000	0.12000
0.005026160000	0.12000
0.005026180000	0.12000
0.005026200000	0.12000
0.005026220000	0.12000
0.005026240000	0.12000
0.005026260000	0.12000
0.005026280000	0.12000
0.005026300000	0.12000
0.005026320000	0.12000
0.005026340000	0.12000
0.005026360000	0.10000
0.005026380000	0.10000
0.005026400000	0.10000
0.005026420000	0.10000
0.005026440000	0.10000
0.005026460000	0.10000
0.005026480000	0.10000
0.005026500000	0.10000
0.005026520000	0.10000
0.005026540000	0.10000
0.005026560000	0.10000
0.005026580000	0.08000
0.005026600000	0.08000
0.005026620000	0.08000
0.005026640000	0.08000
0.005026660000	0.08000
0.005026680000	0.08000
0.005026700000	0.08000
0.005026720000	0.08000
0.005026740000	0.08000
0.005026760000	0.08000
0.005026780000	0.06000
0.005026800000	0.06000
0.005026820000	0.06000
0.005026840000	0.06000
0.005026860000	0.06000
0.005026880000	0.06000
0.005026900000	0.06000
0.005026920000	0.06000
0.005026940000	0.06000
0.005026960000	0.06000
0.005026980000	0.06000
0.005027000000	0.04000
0.005027020000	0.04000
0.005027040000	0.04000
0.005027060000	0.04000
0.005027080000	0.04000
0.005027100000	0.04000
0.005027120000	0.04000
0.005027140000	0.04000
0.005027160000	0.04000
0.005027180000	0.04000
0.005027200000	0.02000
0.005027220000	0.02000
0.005027240000	0.02000
0.005027260000	0.02000
0.005027280000	0.02000
0.005027300000	0.02000
0.005027320000	0.02000
0.005027340000	0.02000
0.005027360000	0.00000
0.005027380000	0.00000
0.005027400000	0.00000
0.005027420000	0.00000
0.005027440000	0.00000
0.005027460000	0.00000
0.005027480000	0.00000
0.005027500000	0.00000
0.005027520000	0.00000
0.005027540000	-0.02000
0.005027560000	0.00000
0.005027580000	-0.02000
0.005027600000	-0.02000
0.005027620000	-0.02000
0.005027640000	-0.02000
0.005027660000	-0.02000
0.005027680000	-0.02000
0.005027700000	-0.02000
0.005027720000	-0.02000
0.005027740000	-0.02000
0.005027760000	-0.02000
0.005027780000	-0.02000
0.005027800000	-0.04000
0.005027820000	-0.04000
0.005027840000	-0.04000
0.005027860000	-0.04000
0.005027880000	-0.04000
0.005027900000	-0.04000
0.005027920000	-0.04000
0.005027940000	-0.04000
0.005027960000	-0.04000
0.005027980000	-0.04000
0.005028000000	-0.04000
0.005028020000	-0.04000
0.005028040000	-0.06000
0.005028060000	-0.06000
0.005028080000	-0.06000
0.005028100000	-0.06000
0.005028120000	-0.06000
0.005028140000	-0.06000
0.005028160000	-0.06000
0.005028180000	-0.06000
0.005028200000	-0.06000
0.005028220000	-0.06000
0.005028240000	-0.06000
0.005028260000	-0.06000
0.005028280000	-0.06000
0.005028300000	-0.06000
0.005028320000	-0.08000
0.005028340000	-0.06000
0.005028360000	-0.08000
0.005028380000	-0.08000
0.005028400000	-0.08000
0.005028420000	-0.08000
0.005028440000	-0.08000
0.005028460000	-0.08000
0.005028480000	-0.08000
0.005028500000	-0.08000
0.005028520000	-0.08000
0.005028540000	-0.08000
0.005028560000	-0.08000
0.005028580000	-0.08000
0.005028600000	-0.08000
0.005028620000	-0.08000
0.005028640000	-0.08000
0.005028660000	-0.08000
0.005028680000	-0.08000
0.005028700000	-0.08000
0.005028720000	-0.08000
0.005028740000	-0.10000
0.005028760000	-0.10000
0.005028780000	-0.10000
0.005028800000	-0.10000
0.005028820000	-0.10000
0.005028840000	-0.10000
0.005028860000	-0.10000
0.005028880000	-0.10000
0.005028900000	-0.10000
0.005028920000	-0.10000
0.005028940000	-0.10000
0.005028960000	-0.10000
0.005028980000	-0.10000
0.005029000000	-0.10000
0.005029020000	-0.10000
0.005029040000	-0.10000
0.005029060000	-0.10000
0.005029080000	-0.10000
0.005029100000	-0.10000
0.005029120000	-0.10000
0.005029140000	-0.10000
0.005029160000	-0.10000
0.005029180000	-0.10000
0.005029200000	-0.10000
0.005029220000	-0.10000
0.005029240000	-0.10000
0.005029260000	-0.10000
0.005029280000	-0.10000
0.005029300000	-0.10000
0.005029320000	-0.10000
0.005029340000	-0.10000
0.005029360000	-0.10000
0.005029380000	-0.10000
0.005029400000	-0.10000
0.005029420000	-0.10000
0.005029440000	-0.10000
0.005029460000	-0.10000
0.005029480000	-0.10000
0.005029500000	-0.10000
0.005029520000	-0.10000
0.005029540000	-0.10000
0.005029560000	-0.10000
0.005029580000	-0.10000
0.005029600000	-0.10000
0.005029620000	-0.10000
0.005029640000	-0.10000
0.005029660000	-0.10000
0.005029680000	-0.10000
0.005029700000	-0.10000
0.005029720000	-0.10000
0.005029740000	-0.10000
0.005029760000	-0.10000
0.005029780000	-0.10000
0.005029800000	-0.08000
0.005029820000	-0.08000
0.005029840000	-0.08000
0.005029860000	-0.08000
0.005029880000	-0.10000
0.005029900000	-0.10000
0.005029920000	-0.08000
0.005029940000	-0.08000
0.005029960000	-0.08000
0.005029980000	-0.08000
0.005030000000	-0.08000
0.005030020000	-0.08000
0.005030040000	-0.08000
0.005030060000	-0.08000
0.005030080000	-0.08000
0.005030100000	-0.08000
0.005030120000	-0.08000
0.005030140000	-0.08000
0.005030160000	-0.08000
0.005030180000	-0.08000
0.005030200000	-0.08000
0.005030220000	-0.08000
0.005030240000	-0.08000
0.005030260000	-0.08000
0.005030280000	-0.06000
0.005030300000	-0.06000
0.005030320000	-0.06000
0.005030340000	-0.06000
0.005030360000	-0.06000
0.005030380000	-0.06000
0.005030400000	-0.06000
0.005030420000	-0.06000
0.005030440000	-0.06000
0.005030460000	-0.06000
0.005030480000	-0.06000
0.005030500000	-0.06000
0.005030520000	-0.06000
0.005030540000	-0.06000
0.005030560000	-0.06000
0.005030580000	-0.06000
0.005030600000	-0.06000
0.005030620000	-0.06000
0.005030640000	-0.06000
0.005030660000	-0.04000
0.005030680000	-0.04000
0.005030700000	-0.04000
0.005030720000	-0.04000
0.005030740000	-0.04000
0.005030760000	-0.04000
0.005030780000	-0.04000
0.005030800000	-0.04000
0.005030820000	-0.04000
0.005030840000	-0.04000
0.005030860000	-0.04000
0.005030880000	-0.04000
0.005030900000	-0.04000
0.005030920000	-0.02000
0.005030940000	-0.02000
0.005030960000	-0.04000
0.005030980000	-0.02000
0.005031000000	-0.02000
0.005031020000	-0.02000
0.005031040000	-0.02000
0.005031060000	-0.02000
0.005031080000	-0.02000
0.005031100000	-0.02000
0.005031120000	-0.02000
0.005031140000	-0.02000
0.005031160000	-0.02000
0.005031180000	-0.02000
0.005031200000	-0.02000
0.005031220000	0.00000
0.005031240000	-0.02000
0.005031260000	0.00000
0.005031280000	0.00000
0.005031300000	0.00000
0.005031320000	0.00000
0.005031340000	0.00000
0.005031360000	0.00000
0.005031380000	0.00000
0.005031400000	0.00000
0.005031420000	0.00000
0.005031440000	0.00000
0.005031460000	0.00000
0.005031480000	0.00000
0.005031500000	0.00000
0.005031520000	0.00000
0.005031540000	0.02000
0.005031560000	0.02000
0.005031580000	0.02000
0.005031600000	0.02000
0.005031620000	0.02000
0.005031640000	0.02000
0.005031660000	0.02000
0.005031680000	0.02000
0.005031700000	0.02000
0.005031720000	0.02000
0.005031740000	0.02000
0.005031760000	0.02000
0.005031780000	0.02000
0.005031800000	0.02000
0.005031820000	0.02000
0.005031840000	0.02000
0.005031860000	0.04000
0.005031880000	0.02000
0.005031900000	0.04000
0.005031920000	0.04000
0.005031940000	0.04000
0.005031960000	0.04000
0.005031980000	0.04000
0.005032000000	0.04000
0.005032020000	0.04000
0.005032040000	0.04000
0.005032060000	0.04000
0.005032080000	0.04000
0.005032100000	0.04000
0.005032120000	0.04000
0.005032140000	0.04000
0.005032160000	0.04000
0.005032180000	0.04000
0.005032200000	0.06000
0.005032220000	0.06000
0.005032240000	0.06000
0.005032260000	0.06000
0.005032280000	0.06000
0.005032300000	0.06000
0.005032320000	0.06000
0.005032340000	0.06000
0.005032360000	0.06000
0.005032380000	0.06000
0.005032400000	0.06000
0.005032420000	0.06000
0.005032440000	0.06000
0.005032460000	0.06000
0.005032480000	0.06000
0.005032500000	0.06000
0.005032520000	0.06000
0.005032540000	0.06000
0.005032560000	0.06000
0.005032580000	0.06000
0.005032600000	0.06000
0.005032620000	0.06000
0.005032640000	0.06000
0.005032660000	0.06000
0.005032680000	0.08000
0.005032700000	0.08000
0.005032720000	0.08000
0.005032740000	0.08000
0.005032760000	0.08000
0.005032780000	0.06000
0.005032800000	0.08000
0.005032820000	0.08000
0.005032840000	0.08000
0.005032860000	0.08000
0.005032880000	0.08000
0.005032900000	0.08000
0.005032920000	0.08000
0.005032940000	0.08000
0.005032960000	0.08000
0.005032980000	0.08000
0.005033000000	0.08000
0.005033020000	0.08000
0.005033040000	0.08000
0.005033060000	0.08000
0.005033080000	0.08000
0.005033100000	0.08000
0.005033120000	0.08000
0.005033140000	0.08000
0.005033160000	0.08000
0.005033180000	0.08000
0.005033200000	0.08000
0.005033220000	0.08000
0.005033240000	0.08000
0.005033260000	0.08000
0.005033280000	0.08000
0.005033300000	0.08000
0.005033320000	0.08000
0.005033340000	0.08000
0.005033360000	0.08000
0.005033380000	0.08000
0.005033400000	0.08000
0.005033420000	0.08000
0.005033440000	0.08000
0.005033460000	0.08000
0.005033480000	0.08000
0.005033500000	0.08000
0.005033520000	0.08000
0.005033540000	0.08000
0.005033560000	0.08000
0.005033580000	0.08000
0.005033600000	0.08000
0.005033620000	0.08000
0.005033640000	0.08000
0.005033660000	0.08000
0.005033680000	0.08000
0.005033700000	0.08000
0.005033720000	0.08000
0.005033740000	0.08000
0.005033760000	0.08000
0.005033780000	0.08000
0.005033800000	0.08000
0.005033820000	0.08000
0.005033840000	0.08000
0.005033860000	0.08000
0.005033880000	0.08000
0.005033900000	0.08000
0.005033920000	0.08000
0.005033940000	0.08000
0.005033960000	0.08000
0.005033980000	0.08000
0.005034000000	0.08000
0.005034020000	0.06000
0.005034040000	0.08000
0.005034060000	0.08000
0.005034080000	0.08000
0.005034100000	0.08000
0.005034120000	0.08000
0.005034140000	0.08000
0.005034160000	0.06000
0.005034180000	0.06000
0.005034200000	0.08000
0.005034220000	0.06000
0.005034240000	0.06000
0.005034260000	0.06000
0.005034280000	0.06000
0.005034300000	0.06000
0.005034320000	0.06000
0.005034340000	0.06000
0.005034360000	0.06000
0.005034380000	0.06000
0.005034400000	0.06000
0.005034420000	0.06000
0.005034440000	0.06000
0.005034460000	0.06000
0.005034480000	0.06000
0.005034500000	0.06000
0.005034520000	0.06000
0.005034540000	0.06000
0.005034560000	0.06000
0.005034580000	0.06000
0.005034600000	0.06000
0.005034620000	0.06000
0.005034640000	0.06000
0.005034660000	0.06000
0.005034680000	0.06000
0.005034700000	0.06000
0.005034720000	0.04000
0.005034740000	0.06000
0.005034760000	0.06000
0.005034780000	0.04000
0.005034800000	0.04000
0.005034820000	0.04000
0.005034840000	0.04000
0.005034860000	0.04000
0.005034880000	0.04000
0.005034900000	0.04000
0.005034920000	0.04000
0.005034940000	0.04000
0.005034960000	0.04000
0.005034980000	0.04000
0.005035000000	0.04000
0.005035020000	0.04000
0.005035040000	0.04000
0.005035060000	0.04000
0.005035080000	0.04000
0.005035100000	0.04000
0.005035120000	0.04000
0.005035140000	0.04000
0.005035160000	0.04000
0.005035180000	0.04000
0.005035200000	0.04000
0.005035220000	0.02000
0.005035240000	0.02000
0.005035260000	0.02000
0.005035280000	0.02000
0.005035300000	0.02000
0.005035320000	0.02000
0.005035340000	0.02000
0.005035360000	0.02000
0.005035380000	0.02000
0.005035400000	0.02000
0.005035420000	0.02000
0.005035440000	0.02000
0.005035460000	0.02000
0.005035480000	0.02000
0.005035500000	0.02000
0.005035520000	0.02000
0.005035540000	0.02000
0.005035560000	0.02000
0.005035580000	0.02000
0.005035600000	0.00000
0.005035620000	0.02000
0.005035640000	0.02000
0.005035660000	0.02000
0.005035680000	0.00000
0.005035700000	0.00000
0.005035720000	0.00000
0.005035740000	0.00000
0.005035760000	0.00000
0.005035780000	0.00000
0.005035800000	0.00000
0.005035820000	0.00000
0.005035840000	0.00000
0.005035860000	0.00000
0.005035880000	0.00000
0.005035900000	0.00000
0.005035920000	0.00000
0.005035940000	0.00000
0.005035960000	0.00000
0.005035980000	0.00000
0.005036000000	0.00000
0.005036020000	0.00000
0.005036040000	0.00000
0.005036060000	0.00000
0.005036080000	0.00000
0.005036100000	0.00000
0.005036120000	-0.02000
0.005036140000	-0.02000
0.005036160000	-0.02000
0.005036180000	-0.02000
0.005036200000	-0.02000
0.005036220000	-0.02000
0.005036240000	-0.02000
0.005036260000	-0.02000
0.005036280000	-0.02000
0.005036300000	-0.02000
0.005036320000	-0.02000
0.005036340000	-0.02000
0.005036360000	-0.02000
0.005036380000	-0.02000
0.005036400000	-0.02000
0.005036420000	-0.02000
0.005036440000	-0.02000
0.005036460000	-0.02000
0.005036480000	-0.02000
0.005036500000	-0.02000
0.005036520000	-0.02000
0.005036540000	-0.02000
0.005036560000	-0.02000
0.005036580000	-0.02000
0.005036600000	-0.02000
0.005036620000	-0.02000
0.005036640000	-0.02000
0.005036660000	-0.04000
0.005036680000	-0.04000
0.005036700000	-0.02000
0.005036720000	-0.04000
0.005036740000	-0.02000
0.005036760000	-0.04000
0.005036780000	-0.02000
0.005036800000	-0.02000
0.005036820000	-0.04000
0.005036840000	-0.04000
0.005036860000	-0.04000
0.005036880000	-0.04000
0.005036900000	-0.04000
0.005036920000	-0.04000
0.005036940000	-0.04000
0.005036960000	-0.04000
0.005036980000	-0.04000
0.005037000000	-0.04000
0.005037020000	-0.04000
0.005037040000	-0.04000
0.005037060000	-0.04000
0.005037080000	-0.04000
0.005037100000	-0.04000
0.005037120000	-0.04000
0.005037140000	-0.04000
0.005037160000	-0.04000
0.005037180000	-0.04000
0.005037200000	-0.04000
0.005037220000	-0.04000
0.005037240000	-0.04000
0.005037260000	-0.04000
0.005037280000	-0.04000
0.005037300000	-0.04000
0.005037320000	-0.04000
0.005037340000	-0.04000
0.005037360000	-0.04000
0.005037380000	-0.04000
0.005037400000	-0.04000
0.005037420000	-0.04000
0.005037440000	-0.04000
0.005037460000	-0.04000
0.005037480000	-0.04000
0.005037500000	-0.04000
0.005037520000	-0.04000
0.005037540000	-0.04000
0.005037560000	-0.04000
0.005037580000	-0.04000
0.005037600000	-0.04000
0.005037620000	-0.04000
0.005037640000	-0.04000
0.005037660000	-0.04000
0.005037680000	-0.04000
0.005037700000	-0.04000
0.005037720000	-0.04000
0.005037740000	-0.04000
0.005037760000	-0.04000
0.005037780000	-0.04000
0.005037800000	-0.04000
0.005037820000	-0.04000
0.005037840000	-0.04000
0.005037860000	-0.04000
0.005037880000	-0.04000
0.005037900000	-0.04000
0.005037920000	-0.04000
0.005037940000	-0.04000
0.005037960000	-0.04000
0.005037980000	-0.04000
0.005038000000	-0.04000
0.005038020000	-0.04000
0.005038040000	-0.04000
0.005038060000	-0.04000
0.005038080000	-0.04000
0.005038100000	-0.04000
0.005038120000	-0.04000
0.005038140000	-0.04000
0.005038160000	-0.04000
0.005038180000	-0.04000
0.005038200000	-0.04000
0.005038220000	-0.04000
0.005038240000	-0.04000
0.005038260000	-0.04000
0.005038280000	-0.04000
0.005038300000	-0.04000
0.005038320000	-0.04000
0.005038340000	-0.04000
0.005038360000	-0.04000
0.005038380000	-0.04000
0.005038400000	-0.04000
0.005038420000	-0.04000
0.005038440000	-0.04000
0.005038460000	-0.02000
0.005038480000	-0.04000
0.005038500000	-0.02000
0.005038520000	-0.02000
0.005038540000	-0.04000
0.005038560000	-0.02000
0.005038580000	-0.02000
0.005038600000	-0.02000
0.005038620000	-0.02000
0.005038640000	-0.02000
0.005038660000	-0.02000
0.005038680000	-0.02000
0.005038700000	-0.02000
0.005038720000	-0.02000
0.005038740000	-0.02000
0.005038760000	-0.02000
0.005038780000	-0.02000
0.005038800000	-0.02000
0.005038820000	-0.02000
0.005038840000	-0.02000
0.005038860000	-0.02000
0.005038880000	-0.02000
0.005038900000	-0.02000
0.005038920000	-0.02000
0.005038940000	-0.02000
0.005038960000	-0.02000
0.005038980000	-0.02000
0.005039000000	-0.02000
0.005039020000	-0.02000
0.005039040000	-0.02000
0.005039060000	-0.02000
0.005039080000	-0.02000
0.005039100000	-0.02000
0.005039120000	-0.02000
0.005039140000	-0.02000
0.005039160000	-0.02000
0.005039180000	0.00000
0.005039200000	-0.02000
0.005039220000	0.00000
0.005039240000	0.00000
0.005039260000	0.00000
0.005039280000	0.00000
0.005039300000	0.00000
0.005039320000	0.00000
0.005039340000	0.00000
0.005039360000	0.00000
0.005039380000	0.00000
0.005039400000	0.00000
0.005039420000	0.00000
0.005039440000	0.00000
0.005039460000	0.00000
0.005039480000	0.00000
0.005039500000	0.00000
0.005039520000	0.00000
0.005039540000	0.00000
0.005039560000	0.00000
0.005039580000	0.00000
0.005039600000	0.00000
0.005039620000	0.00000
0.005039640000	0.00000
0.005039660000	0.00000
0.005039680000	0.00000
0.005039700000	0.00000
0.005039720000	0.00000
0.005039740000	0.00000
0.005039760000	0.00000
0.005039780000	0.00000
0.005039800000	0.00000
0.005039820000	0.00000
0.005039840000	0.00000
0.005039860000	0.00000
0.005039880000	0.02000
0.005039900000	0.02000
0.005039920000	0.02000
0.005039940000	0.00000
0.005039960000	0.02000
0.005039980000	0.02000
0.005040000000	0.02000
0.005040020000	0.02000
0.005040040000	0.02000
0.005040060000	0.02000
0.005040080000	0.02000
0.005040100000	0.02000
0.005040120000	0.02000
0.005040140000	0.02000
0.005040160000	0.02000
0.005040180000	0.02000
0.005040200000	0.02000
0.005040220000	0.02000
0.005040240000	0.02000
0.005040260000	0.02000
0.005040280000	0.02000
0.005040300000	0.02000
0.005040320000	0.02000
0.005040340000	0.02000
0.005040360000	0.02000
0.005040380000	0.02000
0.005040400000	0.02000
0.005040420000	0.02000
0.005040440000	0.02000
0.005040460000	0.02000
0.005040480000	0.02000
0.005040500000	0.02000
0.005040520000	0.02000
0.005040540000	0.02000
0.005040560000	0.02000
0.005040580000	0.02000
0.005040600000	0.02000
0.005040620000	0.02000
0.005040640000	0.02000
0.005040660000	0.02000
0.005040680000	0.04000
0.005040700000	0.02000
0.005040720000	0.02000
0.005040740000	0.02000
0.005040760000	0.02000
0.005040780000	0.04000
0.005040800000	0.04000
0.005040820000	0.04000
0.005040840000	0.04000
0.005040860000	0.04000
0.005040880000	0.04000
0.005040900000	0.04000
0.005040920000	0.04000
0.005040940000	0.04000
0.005040960000	0.04000
0.005040980000	0.04000
0.005041000000	0.04000
0.005041020000	0.04000
0.005041040000	0.04000
0.005041060000	0.04000
0.005041080000	0.04000
0.005041100000	0.04000
0.005041120000	0.04000
0.005041140000	0.04000
0.005041160000	0.04000
0.005041180000	0.04000
0.005041200000	0.04000
0.005041220000	0.04000
0.005041240000	0.04000
0.005041260000	0.04000
0.005041280000	0.04000
0.005041300000	0.04000
0.005041320000	0.04000
0.005041340000	0.04000
0.005041360000	0.04000
0.005041380000	0.04000
0.005041400000	0.04000
0.005041420000	0.04000
0.005041440000	0.04000
0.005041460000	0.04000
0.005041480000	0.04000
0.005041500000	0.04000
0.005041520000	0.04000
0.005041540000	0.04000
0.005041560000	0.04000
0.005041580000	0.04000
0.005041600000	0.04000
0.005041620000	0.04000
0.005041640000	0.04000
0.005041660000	0.04000
0.005041680000	0.04000
0.005041700000	0.04000
0.005041720000	0.04000
0.005041740000	0.04000
0.005041760000	0.04000
0.005041780000	0.04000
0.005041800000	0.04000
0.005041820000	0.04000
0.005041840000	0.04000
0.005041860000	0.04000
0.005041880000	0.04000
0.005041900000	0.04000
0.005041920000	0.04000
0.005041940000	0.04000
0.005041960000	0.04000
0.005041980000	0.04000
0.005042000000	0.04000
0.005042020000	0.04000
0.005042040000	0.04000
0.005042060000	0.04000
0.005042080000	0.04000
0.005042100000	0.04000
0.005042120000	0.04000
0.005042140000	0.04000
0.005042160000	0.04000
0.005042180000	0.04000
0.005042200000	0.04000
0.005042220000	0.04000
0.005042240000	0.04000
0.005042260000	0.04000
0.005042280000	0.04000
0.005042300000	0.04000
0.005042320000	0.04000
0.005042340000	0.04000
0.005042360000	0.04000
0.005042380000	0.04000
0.005042400000	0.04000
0.005042420000	0.04000
0.005042440000	0.04000
0.005042460000	0.04000
0.005042480000	0.04000
0.005042500000	0.04000
0.005042520000	0.04000
0.005042540000	0.04000
0.005042560000	0.04000
0.005042580000	0.04000
0.005042600000	0.04000
0.005042620000	0.04000
0.005042640000	0.04000
0.005042660000	0.04000
0.005042680000	0.02000
0.005042700000	0.04000
0.005042720000	0.04000
0.005042740000	0.02000
0.005042760000	0.04000
0.005042780000	0.04000
0.005042800000	0.04000
0.005042820000	0.04000
0.005042840000	0.02000
0.005042860000	0.04000
0.005042880000	0.02000
0.005042900000	0.02000
0.005042920000	0.02000
0.005042940000	0.02000
0.005042960000	0.02000
0.005042980000	0.02000
0.005043000000	0.02000
0.005043020000	0.02000
0.005043040000	0.02000
0.005043060000	0.02000
0.005043080000	0.02000
0.005043100000	0.02000
0.005043120000	0.02000
0.005043140000	0.02000
0.005043160000	0.02000
0.005043180000	0.02000
0.005043200000	0.02000
0.005043220000	0.02000
0.005043240000	0.02000
0.005043260000	0.02000
0.005043280000	0.02000
0.005043300000	0.02000
0.005043320000	0.02000
0.005043340000	0.02000
0.005043360000	0.02000
0.005043380000	0.02000
0.005043400000	0.02000
0.005043420000	0.02000
0.005043440000	0.02000
0.005043460000	0.02000
0.005043480000	0.02000
0.005043500000	0.02000
0.005043520000	0.02000
0.005043540000	0.02000
0.005043560000	0.02000
0.005043580000	0.02000
0.005043600000	0.02000
0.005043620000	0.02000
0.005043640000	0.02000
0.005043660000	0.02000
0.005043680000	0.02000
0.005043700000	0.02000
0.005043720000	0.02000
0.005043740000	0.02000
0.005043760000	0.00000
0.005043780000	0.02000
0.005043800000	0.02000
0.005043820000	0.02000
0.005043840000	0.02000
0.005043860000	0.00000
0.005043880000	0.00000
0.005043900000	0.00000
0.005043920000	0.00000
0.005043940000	0.00000
0.005043960000	0.00000
0.005043980000	0.00000
0.005044000000	0.00000
0.005044020000	0.00000
0.005044040000	0.00000
0.005044060000	0.00000
0.005044080000	0.00000
0.005044100000	0.00000
0.005044120000	0.00000
0.005044140000	0.00000
0.005044160000	0.00000
0.005044180000	0.00000
0.005044200000	0.00000
0.005044220000	0.00000
0.005044240000	0.00000
0.005044260000	0.00000
0.005044280000	0.00000
0.005044300000	0.00000
0.005044320000	0.00000
0.005044340000	0.00000
0.005044360000	0.00000
0.005044380000	0.00000
0.005044400000	0.00000
0.005044420000	0.00000
0.005044440000	0.00000
0.005044460000	0.00000
0.005044480000	0.00000
0.005044500000	0.00000
0.005044520000	0.00000
0.005044540000	0.00000
0.005044560000	0.00000
0.005044580000	0.00000
0.005044600000	0.00000
0.005044620000	0.00000
0.005044640000	0.00000
0.005044660000	0.00000
0.005044680000	0.00000
0.005044700000	0.00000
0.005044720000	0.00000
0.005044740000	0.00000
0.005044760000	0.00000
0.005044780000	0.00000
0.005044800000	0.00000
0.005044820000	-0.02000
0.005044840000	0.00000
0.005044860000	0.00000
0.005044880000	0.00000
0.005044900000	0.00000
0.005044920000	0.00000
0.005044940000	-0.02000
0.005044960000	0.00000
0.005044980000	0.00000
0.005045000000	-0.02000
0.005045020000	0.00000
0.005045040000	0.00000
0.005045060000	-0.02000
0.005045080000	0.00000
0.005045100000	-0.02000
0.005045120000	-0.02000
0.005045140000	0.00000
0.005045160000	0.00000
0.005045180000	-0.02000
0.005045200000	-0.02000
0.005045220000	-0.02000
0.005045240000	-0.02000
0.005045260000	-0.02000
0.005045280000	-0.02000
0.005045300000	-0.02000
0.005045320000	-0.02000
0.005045340000	-0.02000
0.005045360000	-0.02000
0.005045380000	-0.02000
0.005045400000	-0.02000
0.005045420000	-0.02000
0.005045440000	-0.02000
0.005045460000	-0.02000
0.005045480000	-0.02000
0.005045500000	-0.02000
0.005045520000	-0.02000
0.005045540000	-0.02000
0.005045560000	-0.02000
0.005045580000	-0.02000
0.005045600000	-0.02000
0.005045620000	-0.02000
0.005045640000	-0.02000
0.005045660000	-0.02000
0.005045680000	-0.02000
0.005045700000	-0.02000
0.005045720000	-0.02000
0.005045740000	-0.02000
0.005045760000	-0.02000
0.005045780000	-0.02000
0.005045800000	-0.02000
0.005045820000	-0.02000
0.005045840000	-0.02000
0.005045860000	-0.02000
0.005045880000	-0.02000
0.005045900000	-0.02000
0.005045920000	-0.02000
0.005045940000	-0.02000
0.005045960000	-0.02000
0.005045980000	-0.02000
0.005046000000	-0.02000
0.005046020000	-0.02000
0.005046040000	-0.02000
0.005046060000	-0.02000
0.005046080000	-0.02000
0.005046100000	-0.02000
0.005046120000	-0.02000
0.005046140000	-0.02000
0.005046160000	-0.02000
0.005046180000	-0.02000
0.005046200000	-0.02000
0.005046220000	-0.02000
0.005046240000	0.00000
0.005046260000	-0.02000
0.005046280000	-0.02000
0.005046300000	-0.02000
0.005046320000	-0.02000
0.005046340000	-0.02000
0.005046360000	-0.02000
0.005046380000	-0.02000
0.005046400000	-0.02000
0.005046420000	0.00000
0.005046440000	-0.02000
0.005046460000	-0.02000
0.005046480000	-0.02000
0.005046500000	0.00000
0.005046520000	-0.02000
0.005046540000	-0.02000
0.005046560000	-0.02000
0.005046580000	-0.02000
0.005046600000	-0.02000
0.005046620000	0.00000
0.005046640000	0.00000
0.005046660000	-0.02000
0.005046680000	0.00000
0.005046700000	-0.02000
0.005046720000	0.00000
0.005046740000	0.00000
0.005046760000	0.00000
0.005046780000	0.00000
0.005046800000	-0.02000
0.005046820000	0.00000
0.005046840000	0.00000
0.005046860000	0.00000
0.005046880000	0.00000
0.005046900000	0.00000
0.005046920000	0.00000
0.005046940000	0.00000
0.005046960000	0.00000
0.005046980000	0.00000
0.005047000000	0.00000
0.005047020000	0.00000
0.005047040000	0.00000
0.005047060000	0.00000
0.005047080000	0.00000
0.005047100000	0.00000
0.005047120000	0.00000
0.005047140000	0.00000
0.005047160000	0.00000
0.005047180000	0.00000
0.005047200000	0.00000
0.005047220000	0.00000
0.005047240000	0.00000
0.005047260000	0.00000
0.005047280000	0.00000
0.005047300000	0.00000
0.005047320000	0.00000
0.005047340000	0.00000
0.005047360000	0.00000
0.005047380000	0.00000
0.005047400000	0.00000
0.005047420000	0.00000
0.005047440000	0.00000
0.005047460000	0.00000
0.005047480000	0.00000
0.005047500000	0.00000
0.005047520000	0.00000
0.005047540000	0.00000
0.005047560000	0.00000
0.005047580000	0.00000
0.005047600000	0.00000
0.005047620000	0.00000
0.005047640000	0.00000
0.005047660000	0.00000
0.005047680000	0.00000
0.005047700000	0.00000
0.005047720000	0.00000
0.005047740000	0.00000
0.005047760000	0.00000
0.005047780000	0.00000
0.005047800000	0.00000
0.005047820000	0.00000
0.005047840000	0.00000
0.005047860000	0.00000
0.005047880000	0.00000
0.005047900000	0.00000
0.005047920000	0.00000
0.005047940000	0.00000
0.005047960000	0.00000
0.005047980000	0.00000
0.005048000000	0.00000
0.005048020000	0.00000
0.005048040000	0.00000
0.005048060000	0.00000
0.005048080000	0.00000
0.005048100000	0.00000
0.005048120000	0.00000
0.005048140000	0.00000
0.005048160000	0.00000
0.005048180000	0.00000
